2023/07/08-12:34:38.937160 20950f280 RocksDB version: 6.12.7
2023/07/08-12:34:38.938062 20950f280 Git sha rocksdb_build_git_sha:@0@
2023/07/08-12:34:38.938068 20950f280 Compile date Jul 27 2021
2023/07/08-12:34:38.938096 20950f280 DB SUMMARY
2023/07/08-12:34:38.938099 20950f280 DB Session ID:  2PLUFEW21RFHW9CJIKRK
2023/07/08-12:34:38.938388 20950f280 CURRENT file:  CURRENT
2023/07/08-12:34:38.938393 20950f280 IDENTITY file:  IDENTITY
2023/07/08-12:34:38.938504 20950f280 MANIFEST file:  MANIFEST-000258 size: 6025 Bytes
2023/07/08-12:34:38.938508 20950f280 SST files in /Users/ashishchokhani/Desktop/codes/Web development/ic-projects/dkeeper/.dfx/state/replicated_state/node-100/ic_consensus_pool/consensus dir, Total Num: 12, files: 000256.sst 000257.sst 000262.sst 000263.sst 000264.sst 000265.sst 000266.sst 000267.sst 000268.sst 
2023/07/08-12:34:38.938511 20950f280 Write Ahead Log file in /Users/ashishchokhani/Desktop/codes/Web development/ic-projects/dkeeper/.dfx/state/replicated_state/node-100/ic_consensus_pool/consensus: 000259.log size: 13507741 ; 
2023/07/08-12:34:38.938514 20950f280                         Options.error_if_exists: 0
2023/07/08-12:34:38.938517 20950f280                       Options.create_if_missing: 1
2023/07/08-12:34:38.938519 20950f280                         Options.paranoid_checks: 1
2023/07/08-12:34:38.938520 20950f280                                     Options.env: 0x1071053f8
2023/07/08-12:34:38.938523 20950f280                                      Options.fs: Posix File System
2023/07/08-12:34:38.938525 20950f280                                Options.info_log: 0x7fcaea018a30
2023/07/08-12:34:38.938526 20950f280                Options.max_file_opening_threads: 16
2023/07/08-12:34:38.938527 20950f280                              Options.statistics: 0x0
2023/07/08-12:34:38.938528 20950f280                               Options.use_fsync: 1
2023/07/08-12:34:38.938530 20950f280                       Options.max_log_file_size: 0
2023/07/08-12:34:38.938531 20950f280                  Options.max_manifest_file_size: 1073741824
2023/07/08-12:34:38.938532 20950f280                   Options.log_file_time_to_roll: 0
2023/07/08-12:34:38.938534 20950f280                       Options.keep_log_file_num: 1000
2023/07/08-12:34:38.938535 20950f280                    Options.recycle_log_file_num: 0
2023/07/08-12:34:38.938536 20950f280                         Options.allow_fallocate: 1
2023/07/08-12:34:38.938537 20950f280                        Options.allow_mmap_reads: 0
2023/07/08-12:34:38.938538 20950f280                       Options.allow_mmap_writes: 0
2023/07/08-12:34:38.938539 20950f280                        Options.use_direct_reads: 0
2023/07/08-12:34:38.938540 20950f280                        Options.use_direct_io_for_flush_and_compaction: 0
2023/07/08-12:34:38.938542 20950f280          Options.create_missing_column_families: 1
2023/07/08-12:34:38.938543 20950f280                              Options.db_log_dir: 
2023/07/08-12:34:38.938544 20950f280                                 Options.wal_dir: /Users/ashishchokhani/Desktop/codes/Web development/ic-projects/dkeeper/.dfx/state/replicated_state/node-100/ic_consensus_pool/consensus
2023/07/08-12:34:38.938545 20950f280                Options.table_cache_numshardbits: 6
2023/07/08-12:34:38.938546 20950f280                         Options.WAL_ttl_seconds: 0
2023/07/08-12:34:38.938547 20950f280                       Options.WAL_size_limit_MB: 0
2023/07/08-12:34:38.938549 20950f280                        Options.max_write_batch_group_size_bytes: 1048576
2023/07/08-12:34:38.938550 20950f280             Options.manifest_preallocation_size: 4194304
2023/07/08-12:34:38.938551 20950f280                     Options.is_fd_close_on_exec: 1
2023/07/08-12:34:38.938552 20950f280                   Options.advise_random_on_open: 1
2023/07/08-12:34:38.938553 20950f280                    Options.db_write_buffer_size: 0
2023/07/08-12:34:38.938555 20950f280                    Options.write_buffer_manager: 0x7fcaea018b20
2023/07/08-12:34:38.938556 20950f280         Options.access_hint_on_compaction_start: 1
2023/07/08-12:34:38.938557 20950f280  Options.new_table_reader_for_compaction_inputs: 0
2023/07/08-12:34:38.938579 20950f280           Options.random_access_max_buffer_size: 1048576
2023/07/08-12:34:38.938581 20950f280                      Options.use_adaptive_mutex: 0
2023/07/08-12:34:38.938582 20950f280                            Options.rate_limiter: 0x0
2023/07/08-12:34:38.938586 20950f280     Options.sst_file_manager.rate_bytes_per_sec: 0
2023/07/08-12:34:38.938587 20950f280                       Options.wal_recovery_mode: 2
2023/07/08-12:34:38.938588 20950f280                  Options.enable_thread_tracking: 0
2023/07/08-12:34:38.938590 20950f280                  Options.enable_pipelined_write: 0
2023/07/08-12:34:38.938591 20950f280                  Options.unordered_write: 0
2023/07/08-12:34:38.938592 20950f280         Options.allow_concurrent_memtable_write: 1
2023/07/08-12:34:38.938593 20950f280      Options.enable_write_thread_adaptive_yield: 1
2023/07/08-12:34:38.938594 20950f280             Options.write_thread_max_yield_usec: 100
2023/07/08-12:34:38.938596 20950f280            Options.write_thread_slow_yield_usec: 3
2023/07/08-12:34:38.938597 20950f280                               Options.row_cache: None
2023/07/08-12:34:38.938598 20950f280                              Options.wal_filter: None
2023/07/08-12:34:38.938601 20950f280             Options.avoid_flush_during_recovery: 0
2023/07/08-12:34:38.938603 20950f280             Options.allow_ingest_behind: 0
2023/07/08-12:34:38.938604 20950f280             Options.preserve_deletes: 0
2023/07/08-12:34:38.938605 20950f280             Options.two_write_queues: 0
2023/07/08-12:34:38.938606 20950f280             Options.manual_wal_flush: 0
2023/07/08-12:34:38.938607 20950f280             Options.atomic_flush: 0
2023/07/08-12:34:38.938608 20950f280             Options.avoid_unnecessary_blocking_io: 0
2023/07/08-12:34:38.938609 20950f280                 Options.persist_stats_to_disk: 0
2023/07/08-12:34:38.938611 20950f280                 Options.write_dbid_to_manifest: 0
2023/07/08-12:34:38.938612 20950f280                 Options.log_readahead_size: 0
2023/07/08-12:34:38.938613 20950f280                 Options.file_checksum_gen_factory: Unknown
2023/07/08-12:34:38.938616 20950f280                 Options.best_efforts_recovery: 0
2023/07/08-12:34:38.938617 20950f280                Options.max_bgerror_resume_count: 2147483647
2023/07/08-12:34:38.938619 20950f280            Options.bgerror_resume_retry_interval: 1000000
2023/07/08-12:34:38.938620 20950f280             Options.max_background_jobs: 2
2023/07/08-12:34:38.938621 20950f280             Options.max_background_compactions: -1
2023/07/08-12:34:38.938622 20950f280             Options.max_subcompactions: 1
2023/07/08-12:34:38.938623 20950f280             Options.avoid_flush_during_shutdown: 0
2023/07/08-12:34:38.938625 20950f280           Options.writable_file_max_buffer_size: 1048576
2023/07/08-12:34:38.938626 20950f280             Options.delayed_write_rate : 16777216
2023/07/08-12:34:38.938627 20950f280             Options.max_total_wal_size: 0
2023/07/08-12:34:38.938628 20950f280             Options.delete_obsolete_files_period_micros: 21600000000
2023/07/08-12:34:38.938630 20950f280                   Options.stats_dump_period_sec: 600
2023/07/08-12:34:38.938631 20950f280                 Options.stats_persist_period_sec: 600
2023/07/08-12:34:38.938632 20950f280                 Options.stats_history_buffer_size: 1048576
2023/07/08-12:34:38.938633 20950f280                          Options.max_open_files: -1
2023/07/08-12:34:38.938637 20950f280                          Options.bytes_per_sync: 0
2023/07/08-12:34:38.938638 20950f280                      Options.wal_bytes_per_sync: 0
2023/07/08-12:34:38.938639 20950f280                   Options.strict_bytes_per_sync: 0
2023/07/08-12:34:38.938640 20950f280       Options.compaction_readahead_size: 0
2023/07/08-12:34:38.938642 20950f280                  Options.max_background_flushes: -1
2023/07/08-12:34:38.938643 20950f280 Compression algorithms supported:
2023/07/08-12:34:38.938815 20950f280 	kZSTD supported: 1
2023/07/08-12:34:38.938838 20950f280 	kZlibCompression supported: 1
2023/07/08-12:34:38.938850 20950f280 	kXpressCompression supported: 0
2023/07/08-12:34:38.938852 20950f280 	kSnappyCompression supported: 1
2023/07/08-12:34:38.938853 20950f280 	kZSTDNotFinalCompression supported: 1
2023/07/08-12:34:38.938854 20950f280 	kLZ4HCCompression supported: 1
2023/07/08-12:34:38.938855 20950f280 	kLZ4Compression supported: 1
2023/07/08-12:34:38.938857 20950f280 	kBZip2Compression supported: 1
2023/07/08-12:34:38.938860 20950f280 Fast CRC32 supported: Supported on x86
2023/07/08-12:34:38.939314 20950f280 [db/version_set.cc:4560] Recovering from manifest file: /Users/ashishchokhani/Desktop/codes/Web development/ic-projects/dkeeper/.dfx/state/replicated_state/node-100/ic_consensus_pool/consensus/MANIFEST-000258
2023/07/08-12:34:38.939635 20950f280 [db/column_family.cc:580] --------------- Options for column family [default]:
2023/07/08-12:34:38.939638 20950f280               Options.comparator: leveldb.BytewiseComparator
2023/07/08-12:34:38.939639 20950f280           Options.merge_operator: None
2023/07/08-12:34:38.939640 20950f280        Options.compaction_filter: None
2023/07/08-12:34:38.939641 20950f280        Options.compaction_filter_factory: None
2023/07/08-12:34:38.939643 20950f280  Options.sst_partitioner_factory: None
2023/07/08-12:34:38.939644 20950f280         Options.memtable_factory: SkipListFactory
2023/07/08-12:34:38.939645 20950f280            Options.table_factory: BlockBasedTable
2023/07/08-12:34:38.939672 20950f280            table_factory options:   flush_block_policy_factory: FlushBlockBySizePolicyFactory (0x7fcaea017a70)
  cache_index_and_filter_blocks: 0
  cache_index_and_filter_blocks_with_high_priority: 1
  pin_l0_filter_and_index_blocks_in_cache: 0
  pin_top_level_index_and_filter: 1
  index_type: 0
  data_block_index_type: 0
  index_shortening: 1
  data_block_hash_table_util_ratio: 0.750000
  hash_index_allow_collision: 1
  checksum: 1
  no_block_cache: 0
  block_cache: 0x7fcaea017ab8
  block_cache_name: LRUCache
  block_cache_options:
    capacity : 8388608
    num_shard_bits : 4
    strict_capacity_limit : 0
    memory_allocator : None
    high_pri_pool_ratio: 0.000
  block_cache_compressed: 0x0
  persistent_cache: 0x0
  block_size: 4096
  block_size_deviation: 10
  block_restart_interval: 16
  index_block_restart_interval: 1
  metadata_block_size: 4096
  partition_filters: 0
  use_delta_encoding: 1
  filter_policy: nullptr
  whole_key_filtering: 1
  verify_compression: 0
  read_amp_bytes_per_bit: 0
  format_version: 4
  enable_index_compression: 1
  block_align: 0
2023/07/08-12:34:38.939675 20950f280        Options.write_buffer_size: 67108864
2023/07/08-12:34:38.939676 20950f280  Options.max_write_buffer_number: 2
2023/07/08-12:34:38.939679 20950f280          Options.compression: Snappy
2023/07/08-12:34:38.939680 20950f280                  Options.bottommost_compression: Disabled
2023/07/08-12:34:38.939681 20950f280       Options.prefix_extractor: nullptr
2023/07/08-12:34:38.939683 20950f280   Options.memtable_insert_with_hint_prefix_extractor: nullptr
2023/07/08-12:34:38.939684 20950f280             Options.num_levels: 7
2023/07/08-12:34:38.939685 20950f280        Options.min_write_buffer_number_to_merge: 1
2023/07/08-12:34:38.939686 20950f280     Options.max_write_buffer_number_to_maintain: 0
2023/07/08-12:34:38.939687 20950f280     Options.max_write_buffer_size_to_maintain: 0
2023/07/08-12:34:38.939689 20950f280            Options.bottommost_compression_opts.window_bits: -14
2023/07/08-12:34:38.939690 20950f280                  Options.bottommost_compression_opts.level: 32767
2023/07/08-12:34:38.939691 20950f280               Options.bottommost_compression_opts.strategy: 0
2023/07/08-12:34:38.939692 20950f280         Options.bottommost_compression_opts.max_dict_bytes: 0
2023/07/08-12:34:38.939694 20950f280         Options.bottommost_compression_opts.zstd_max_train_bytes: 0
2023/07/08-12:34:38.939695 20950f280         Options.bottommost_compression_opts.parallel_threads: 1
2023/07/08-12:34:38.939712 20950f280                  Options.bottommost_compression_opts.enabled: false
2023/07/08-12:34:38.939716 20950f280            Options.compression_opts.window_bits: -14
2023/07/08-12:34:38.939717 20950f280                  Options.compression_opts.level: 32767
2023/07/08-12:34:38.939718 20950f280               Options.compression_opts.strategy: 0
2023/07/08-12:34:38.939720 20950f280         Options.compression_opts.max_dict_bytes: 0
2023/07/08-12:34:38.939721 20950f280         Options.compression_opts.zstd_max_train_bytes: 0
2023/07/08-12:34:38.939722 20950f280         Options.compression_opts.parallel_threads: 1
2023/07/08-12:34:38.939723 20950f280                  Options.compression_opts.enabled: false
2023/07/08-12:34:38.939724 20950f280      Options.level0_file_num_compaction_trigger: 4
2023/07/08-12:34:38.939726 20950f280          Options.level0_slowdown_writes_trigger: 20
2023/07/08-12:34:38.939727 20950f280              Options.level0_stop_writes_trigger: 36
2023/07/08-12:34:38.939728 20950f280                   Options.target_file_size_base: 67108864
2023/07/08-12:34:38.939729 20950f280             Options.target_file_size_multiplier: 1
2023/07/08-12:34:38.939731 20950f280                Options.max_bytes_for_level_base: 268435456
2023/07/08-12:34:38.939732 20950f280 Options.level_compaction_dynamic_level_bytes: 0
2023/07/08-12:34:38.939733 20950f280          Options.max_bytes_for_level_multiplier: 10.000000
2023/07/08-12:34:38.939735 20950f280 Options.max_bytes_for_level_multiplier_addtl[0]: 1
2023/07/08-12:34:38.939736 20950f280 Options.max_bytes_for_level_multiplier_addtl[1]: 1
2023/07/08-12:34:38.939737 20950f280 Options.max_bytes_for_level_multiplier_addtl[2]: 1
2023/07/08-12:34:38.939739 20950f280 Options.max_bytes_for_level_multiplier_addtl[3]: 1
2023/07/08-12:34:38.939740 20950f280 Options.max_bytes_for_level_multiplier_addtl[4]: 1
2023/07/08-12:34:38.939741 20950f280 Options.max_bytes_for_level_multiplier_addtl[5]: 1
2023/07/08-12:34:38.939742 20950f280 Options.max_bytes_for_level_multiplier_addtl[6]: 1
2023/07/08-12:34:38.939743 20950f280       Options.max_sequential_skip_in_iterations: 8
2023/07/08-12:34:38.939745 20950f280                    Options.max_compaction_bytes: 1677721600
2023/07/08-12:34:38.939746 20950f280                        Options.arena_block_size: 8388608
2023/07/08-12:34:38.939747 20950f280   Options.soft_pending_compaction_bytes_limit: 68719476736
2023/07/08-12:34:38.939748 20950f280   Options.hard_pending_compaction_bytes_limit: 274877906944
2023/07/08-12:34:38.939750 20950f280       Options.rate_limit_delay_max_milliseconds: 100
2023/07/08-12:34:38.939751 20950f280                Options.disable_auto_compactions: 0
2023/07/08-12:34:38.939752 20950f280                        Options.compaction_style: kCompactionStyleLevel
2023/07/08-12:34:38.939754 20950f280                          Options.compaction_pri: kMinOverlappingRatio
2023/07/08-12:34:38.939755 20950f280 Options.compaction_options_universal.size_ratio: 1
2023/07/08-12:34:38.939756 20950f280 Options.compaction_options_universal.min_merge_width: 2
2023/07/08-12:34:38.939758 20950f280 Options.compaction_options_universal.max_merge_width: 4294967295
2023/07/08-12:34:38.939759 20950f280 Options.compaction_options_universal.max_size_amplification_percent: 200
2023/07/08-12:34:38.939760 20950f280 Options.compaction_options_universal.compression_size_percent: -1
2023/07/08-12:34:38.939762 20950f280 Options.compaction_options_universal.stop_style: kCompactionStopStyleTotalSize
2023/07/08-12:34:38.939763 20950f280 Options.compaction_options_fifo.max_table_files_size: 1073741824
2023/07/08-12:34:38.939764 20950f280 Options.compaction_options_fifo.allow_compaction: 0
2023/07/08-12:34:38.939768 20950f280                   Options.table_properties_collectors: 
2023/07/08-12:34:38.939770 20950f280                   Options.inplace_update_support: 0
2023/07/08-12:34:38.939771 20950f280                 Options.inplace_update_num_locks: 10000
2023/07/08-12:34:38.939772 20950f280               Options.memtable_prefix_bloom_size_ratio: 0.000000
2023/07/08-12:34:38.939787 20950f280               Options.memtable_whole_key_filtering: 0
2023/07/08-12:34:38.939788 20950f280   Options.memtable_huge_page_size: 0
2023/07/08-12:34:38.939790 20950f280                           Options.bloom_locality: 0
2023/07/08-12:34:38.939791 20950f280                    Options.max_successive_merges: 0
2023/07/08-12:34:38.939792 20950f280                Options.optimize_filters_for_hits: 0
2023/07/08-12:34:38.939793 20950f280                Options.paranoid_file_checks: 0
2023/07/08-12:34:38.939795 20950f280                Options.force_consistency_checks: 0
2023/07/08-12:34:38.939796 20950f280                Options.report_bg_io_stats: 0
2023/07/08-12:34:38.939797 20950f280                               Options.ttl: 2592000
2023/07/08-12:34:38.939798 20950f280          Options.periodic_compaction_seconds: 0
2023/07/08-12:34:38.940139 20950f280 [db/column_family.cc:580] --------------- Options for column family [RB]:
2023/07/08-12:34:38.940142 20950f280               Options.comparator: leveldb.BytewiseComparator
2023/07/08-12:34:38.940143 20950f280           Options.merge_operator: None
2023/07/08-12:34:38.940145 20950f280        Options.compaction_filter: filter_outdated
2023/07/08-12:34:38.940147 20950f280        Options.compaction_filter_factory: None
2023/07/08-12:34:38.940148 20950f280  Options.sst_partitioner_factory: None
2023/07/08-12:34:38.940149 20950f280         Options.memtable_factory: SkipListFactory
2023/07/08-12:34:38.940150 20950f280            Options.table_factory: BlockBasedTable
2023/07/08-12:34:38.940167 20950f280            table_factory options:   flush_block_policy_factory: FlushBlockBySizePolicyFactory (0x7fcaea00ba90)
  cache_index_and_filter_blocks: 0
  cache_index_and_filter_blocks_with_high_priority: 1
  pin_l0_filter_and_index_blocks_in_cache: 0
  pin_top_level_index_and_filter: 1
  index_type: 0
  data_block_index_type: 0
  index_shortening: 1
  data_block_hash_table_util_ratio: 0.750000
  hash_index_allow_collision: 1
  checksum: 1
  no_block_cache: 0
  block_cache: 0x7fcaea00ec88
  block_cache_name: LRUCache
  block_cache_options:
    capacity : 8388608
    num_shard_bits : 4
    strict_capacity_limit : 0
    memory_allocator : None
    high_pri_pool_ratio: 0.000
  block_cache_compressed: 0x0
  persistent_cache: 0x0
  block_size: 4096
  block_size_deviation: 10
  block_restart_interval: 16
  index_block_restart_interval: 1
  metadata_block_size: 4096
  partition_filters: 0
  use_delta_encoding: 1
  filter_policy: nullptr
  whole_key_filtering: 1
  verify_compression: 0
  read_amp_bytes_per_bit: 0
  format_version: 4
  enable_index_compression: 1
  block_align: 0
2023/07/08-12:34:38.940169 20950f280        Options.write_buffer_size: 67108864
2023/07/08-12:34:38.940170 20950f280  Options.max_write_buffer_number: 2
2023/07/08-12:34:38.940172 20950f280          Options.compression: NoCompression
2023/07/08-12:34:38.940173 20950f280                  Options.bottommost_compression: Disabled
2023/07/08-12:34:38.940174 20950f280       Options.prefix_extractor: nullptr
2023/07/08-12:34:38.940175 20950f280   Options.memtable_insert_with_hint_prefix_extractor: nullptr
2023/07/08-12:34:38.940176 20950f280             Options.num_levels: 7
2023/07/08-12:34:38.940178 20950f280        Options.min_write_buffer_number_to_merge: 1
2023/07/08-12:34:38.940179 20950f280     Options.max_write_buffer_number_to_maintain: 0
2023/07/08-12:34:38.940180 20950f280     Options.max_write_buffer_size_to_maintain: 0
2023/07/08-12:34:38.940181 20950f280            Options.bottommost_compression_opts.window_bits: -14
2023/07/08-12:34:38.940182 20950f280                  Options.bottommost_compression_opts.level: 32767
2023/07/08-12:34:38.940184 20950f280               Options.bottommost_compression_opts.strategy: 0
2023/07/08-12:34:38.940185 20950f280         Options.bottommost_compression_opts.max_dict_bytes: 0
2023/07/08-12:34:38.940186 20950f280         Options.bottommost_compression_opts.zstd_max_train_bytes: 0
2023/07/08-12:34:38.940187 20950f280         Options.bottommost_compression_opts.parallel_threads: 1
2023/07/08-12:34:38.940199 20950f280                  Options.bottommost_compression_opts.enabled: false
2023/07/08-12:34:38.940201 20950f280            Options.compression_opts.window_bits: -14
2023/07/08-12:34:38.940202 20950f280                  Options.compression_opts.level: 32767
2023/07/08-12:34:38.940203 20950f280               Options.compression_opts.strategy: 0
2023/07/08-12:34:38.940205 20950f280         Options.compression_opts.max_dict_bytes: 0
2023/07/08-12:34:38.940206 20950f280         Options.compression_opts.zstd_max_train_bytes: 0
2023/07/08-12:34:38.940207 20950f280         Options.compression_opts.parallel_threads: 1
2023/07/08-12:34:38.940208 20950f280                  Options.compression_opts.enabled: false
2023/07/08-12:34:38.940209 20950f280      Options.level0_file_num_compaction_trigger: 4
2023/07/08-12:34:38.940210 20950f280          Options.level0_slowdown_writes_trigger: 20
2023/07/08-12:34:38.940212 20950f280              Options.level0_stop_writes_trigger: 36
2023/07/08-12:34:38.940213 20950f280                   Options.target_file_size_base: 67108864
2023/07/08-12:34:38.940214 20950f280             Options.target_file_size_multiplier: 1
2023/07/08-12:34:38.940215 20950f280                Options.max_bytes_for_level_base: 268435456
2023/07/08-12:34:38.940216 20950f280 Options.level_compaction_dynamic_level_bytes: 0
2023/07/08-12:34:38.940218 20950f280          Options.max_bytes_for_level_multiplier: 10.000000
2023/07/08-12:34:38.940219 20950f280 Options.max_bytes_for_level_multiplier_addtl[0]: 1
2023/07/08-12:34:38.940220 20950f280 Options.max_bytes_for_level_multiplier_addtl[1]: 1
2023/07/08-12:34:38.940222 20950f280 Options.max_bytes_for_level_multiplier_addtl[2]: 1
2023/07/08-12:34:38.940223 20950f280 Options.max_bytes_for_level_multiplier_addtl[3]: 1
2023/07/08-12:34:38.940224 20950f280 Options.max_bytes_for_level_multiplier_addtl[4]: 1
2023/07/08-12:34:38.940225 20950f280 Options.max_bytes_for_level_multiplier_addtl[5]: 1
2023/07/08-12:34:38.940226 20950f280 Options.max_bytes_for_level_multiplier_addtl[6]: 1
2023/07/08-12:34:38.940228 20950f280       Options.max_sequential_skip_in_iterations: 8
2023/07/08-12:34:38.940229 20950f280                    Options.max_compaction_bytes: 1677721600
2023/07/08-12:34:38.940230 20950f280                        Options.arena_block_size: 8388608
2023/07/08-12:34:38.940231 20950f280   Options.soft_pending_compaction_bytes_limit: 68719476736
2023/07/08-12:34:38.940232 20950f280   Options.hard_pending_compaction_bytes_limit: 274877906944
2023/07/08-12:34:38.940234 20950f280       Options.rate_limit_delay_max_milliseconds: 100
2023/07/08-12:34:38.940235 20950f280                Options.disable_auto_compactions: 1
2023/07/08-12:34:38.940236 20950f280                        Options.compaction_style: kCompactionStyleLevel
2023/07/08-12:34:38.940237 20950f280                          Options.compaction_pri: kMinOverlappingRatio
2023/07/08-12:34:38.940238 20950f280 Options.compaction_options_universal.size_ratio: 1
2023/07/08-12:34:38.940240 20950f280 Options.compaction_options_universal.min_merge_width: 2
2023/07/08-12:34:38.940241 20950f280 Options.compaction_options_universal.max_merge_width: 4294967295
2023/07/08-12:34:38.940242 20950f280 Options.compaction_options_universal.max_size_amplification_percent: 200
2023/07/08-12:34:38.940243 20950f280 Options.compaction_options_universal.compression_size_percent: -1
2023/07/08-12:34:38.940245 20950f280 Options.compaction_options_universal.stop_style: kCompactionStopStyleTotalSize
2023/07/08-12:34:38.940246 20950f280 Options.compaction_options_fifo.max_table_files_size: 1073741824
2023/07/08-12:34:38.940247 20950f280 Options.compaction_options_fifo.allow_compaction: 0
2023/07/08-12:34:38.940249 20950f280                   Options.table_properties_collectors: 
2023/07/08-12:34:38.940250 20950f280                   Options.inplace_update_support: 0
2023/07/08-12:34:38.940251 20950f280                 Options.inplace_update_num_locks: 10000
2023/07/08-12:34:38.940252 20950f280               Options.memtable_prefix_bloom_size_ratio: 0.000000
2023/07/08-12:34:38.940262 20950f280               Options.memtable_whole_key_filtering: 0
2023/07/08-12:34:38.940263 20950f280   Options.memtable_huge_page_size: 0
2023/07/08-12:34:38.940264 20950f280                           Options.bloom_locality: 0
2023/07/08-12:34:38.940265 20950f280                    Options.max_successive_merges: 0
2023/07/08-12:34:38.940267 20950f280                Options.optimize_filters_for_hits: 0
2023/07/08-12:34:38.940268 20950f280                Options.paranoid_file_checks: 0
2023/07/08-12:34:38.940269 20950f280                Options.force_consistency_checks: 0
2023/07/08-12:34:38.940270 20950f280                Options.report_bg_io_stats: 0
2023/07/08-12:34:38.940271 20950f280                               Options.ttl: 2592000
2023/07/08-12:34:38.940272 20950f280          Options.periodic_compaction_seconds: 2592000
2023/07/08-12:34:38.940550 20950f280 [db/column_family.cc:580] --------------- Options for column family [FZ]:
2023/07/08-12:34:38.940555 20950f280               Options.comparator: leveldb.BytewiseComparator
2023/07/08-12:34:38.940557 20950f280           Options.merge_operator: None
2023/07/08-12:34:38.940559 20950f280        Options.compaction_filter: filter_outdated
2023/07/08-12:34:38.940560 20950f280        Options.compaction_filter_factory: None
2023/07/08-12:34:38.940561 20950f280  Options.sst_partitioner_factory: None
2023/07/08-12:34:38.940563 20950f280         Options.memtable_factory: SkipListFactory
2023/07/08-12:34:38.940564 20950f280            Options.table_factory: BlockBasedTable
2023/07/08-12:34:38.940604 20950f280            table_factory options:   flush_block_policy_factory: FlushBlockBySizePolicyFactory (0x7fcaea00f800)
  cache_index_and_filter_blocks: 0
  cache_index_and_filter_blocks_with_high_priority: 1
  pin_l0_filter_and_index_blocks_in_cache: 0
  pin_top_level_index_and_filter: 1
  index_type: 0
  data_block_index_type: 0
  index_shortening: 1
  data_block_hash_table_util_ratio: 0.750000
  hash_index_allow_collision: 1
  checksum: 1
  no_block_cache: 0
  block_cache: 0x7fcaea00f848
  block_cache_name: LRUCache
  block_cache_options:
    capacity : 8388608
    num_shard_bits : 4
    strict_capacity_limit : 0
    memory_allocator : None
    high_pri_pool_ratio: 0.000
  block_cache_compressed: 0x0
  persistent_cache: 0x0
  block_size: 4096
  block_size_deviation: 10
  block_restart_interval: 16
  index_block_restart_interval: 1
  metadata_block_size: 4096
  partition_filters: 0
  use_delta_encoding: 1
  filter_policy: nullptr
  whole_key_filtering: 1
  verify_compression: 0
  read_amp_bytes_per_bit: 0
  format_version: 4
  enable_index_compression: 1
  block_align: 0
2023/07/08-12:34:38.940608 20950f280        Options.write_buffer_size: 67108864
2023/07/08-12:34:38.940610 20950f280  Options.max_write_buffer_number: 2
2023/07/08-12:34:38.940611 20950f280          Options.compression: NoCompression
2023/07/08-12:34:38.940612 20950f280                  Options.bottommost_compression: Disabled
2023/07/08-12:34:38.940614 20950f280       Options.prefix_extractor: nullptr
2023/07/08-12:34:38.940615 20950f280   Options.memtable_insert_with_hint_prefix_extractor: nullptr
2023/07/08-12:34:38.940616 20950f280             Options.num_levels: 7
2023/07/08-12:34:38.940617 20950f280        Options.min_write_buffer_number_to_merge: 1
2023/07/08-12:34:38.940619 20950f280     Options.max_write_buffer_number_to_maintain: 0
2023/07/08-12:34:38.940620 20950f280     Options.max_write_buffer_size_to_maintain: 0
2023/07/08-12:34:38.940621 20950f280            Options.bottommost_compression_opts.window_bits: -14
2023/07/08-12:34:38.940622 20950f280                  Options.bottommost_compression_opts.level: 32767
2023/07/08-12:34:38.940624 20950f280               Options.bottommost_compression_opts.strategy: 0
2023/07/08-12:34:38.940625 20950f280         Options.bottommost_compression_opts.max_dict_bytes: 0
2023/07/08-12:34:38.940626 20950f280         Options.bottommost_compression_opts.zstd_max_train_bytes: 0
2023/07/08-12:34:38.940646 20950f280         Options.bottommost_compression_opts.parallel_threads: 1
2023/07/08-12:34:38.940647 20950f280                  Options.bottommost_compression_opts.enabled: false
2023/07/08-12:34:38.940649 20950f280            Options.compression_opts.window_bits: -14
2023/07/08-12:34:38.940650 20950f280                  Options.compression_opts.level: 32767
2023/07/08-12:34:38.940651 20950f280               Options.compression_opts.strategy: 0
2023/07/08-12:34:38.940652 20950f280         Options.compression_opts.max_dict_bytes: 0
2023/07/08-12:34:38.940653 20950f280         Options.compression_opts.zstd_max_train_bytes: 0
2023/07/08-12:34:38.940655 20950f280         Options.compression_opts.parallel_threads: 1
2023/07/08-12:34:38.940656 20950f280                  Options.compression_opts.enabled: false
2023/07/08-12:34:38.940657 20950f280      Options.level0_file_num_compaction_trigger: 4
2023/07/08-12:34:38.940658 20950f280          Options.level0_slowdown_writes_trigger: 20
2023/07/08-12:34:38.940660 20950f280              Options.level0_stop_writes_trigger: 36
2023/07/08-12:34:38.940661 20950f280                   Options.target_file_size_base: 67108864
2023/07/08-12:34:38.940662 20950f280             Options.target_file_size_multiplier: 1
2023/07/08-12:34:38.940663 20950f280                Options.max_bytes_for_level_base: 268435456
2023/07/08-12:34:38.940664 20950f280 Options.level_compaction_dynamic_level_bytes: 0
2023/07/08-12:34:38.940666 20950f280          Options.max_bytes_for_level_multiplier: 10.000000
2023/07/08-12:34:38.940667 20950f280 Options.max_bytes_for_level_multiplier_addtl[0]: 1
2023/07/08-12:34:38.940669 20950f280 Options.max_bytes_for_level_multiplier_addtl[1]: 1
2023/07/08-12:34:38.940670 20950f280 Options.max_bytes_for_level_multiplier_addtl[2]: 1
2023/07/08-12:34:38.940671 20950f280 Options.max_bytes_for_level_multiplier_addtl[3]: 1
2023/07/08-12:34:38.940673 20950f280 Options.max_bytes_for_level_multiplier_addtl[4]: 1
2023/07/08-12:34:38.940674 20950f280 Options.max_bytes_for_level_multiplier_addtl[5]: 1
2023/07/08-12:34:38.940675 20950f280 Options.max_bytes_for_level_multiplier_addtl[6]: 1
2023/07/08-12:34:38.940676 20950f280       Options.max_sequential_skip_in_iterations: 8
2023/07/08-12:34:38.940677 20950f280                    Options.max_compaction_bytes: 1677721600
2023/07/08-12:34:38.940679 20950f280                        Options.arena_block_size: 8388608
2023/07/08-12:34:38.940680 20950f280   Options.soft_pending_compaction_bytes_limit: 68719476736
2023/07/08-12:34:38.940681 20950f280   Options.hard_pending_compaction_bytes_limit: 274877906944
2023/07/08-12:34:38.940683 20950f280       Options.rate_limit_delay_max_milliseconds: 100
2023/07/08-12:34:38.940684 20950f280                Options.disable_auto_compactions: 1
2023/07/08-12:34:38.940685 20950f280                        Options.compaction_style: kCompactionStyleLevel
2023/07/08-12:34:38.940687 20950f280                          Options.compaction_pri: kMinOverlappingRatio
2023/07/08-12:34:38.940688 20950f280 Options.compaction_options_universal.size_ratio: 1
2023/07/08-12:34:38.940689 20950f280 Options.compaction_options_universal.min_merge_width: 2
2023/07/08-12:34:38.940690 20950f280 Options.compaction_options_universal.max_merge_width: 4294967295
2023/07/08-12:34:38.940691 20950f280 Options.compaction_options_universal.max_size_amplification_percent: 200
2023/07/08-12:34:38.940693 20950f280 Options.compaction_options_universal.compression_size_percent: -1
2023/07/08-12:34:38.940694 20950f280 Options.compaction_options_universal.stop_style: kCompactionStopStyleTotalSize
2023/07/08-12:34:38.940696 20950f280 Options.compaction_options_fifo.max_table_files_size: 1073741824
2023/07/08-12:34:38.940697 20950f280 Options.compaction_options_fifo.allow_compaction: 0
2023/07/08-12:34:38.940699 20950f280                   Options.table_properties_collectors: 
2023/07/08-12:34:38.940700 20950f280                   Options.inplace_update_support: 0
2023/07/08-12:34:38.940701 20950f280                 Options.inplace_update_num_locks: 10000
2023/07/08-12:34:38.940714 20950f280               Options.memtable_prefix_bloom_size_ratio: 0.000000
2023/07/08-12:34:38.940716 20950f280               Options.memtable_whole_key_filtering: 0
2023/07/08-12:34:38.940717 20950f280   Options.memtable_huge_page_size: 0
2023/07/08-12:34:38.940718 20950f280                           Options.bloom_locality: 0
2023/07/08-12:34:38.940720 20950f280                    Options.max_successive_merges: 0
2023/07/08-12:34:38.940721 20950f280                Options.optimize_filters_for_hits: 0
2023/07/08-12:34:38.940722 20950f280                Options.paranoid_file_checks: 0
2023/07/08-12:34:38.940723 20950f280                Options.force_consistency_checks: 0
2023/07/08-12:34:38.940724 20950f280                Options.report_bg_io_stats: 0
2023/07/08-12:34:38.940726 20950f280                               Options.ttl: 2592000
2023/07/08-12:34:38.940727 20950f280          Options.periodic_compaction_seconds: 2592000
2023/07/08-12:34:38.940766 20950f280 [db/column_family.cc:580] --------------- Options for column family [NZ]:
2023/07/08-12:34:38.940769 20950f280               Options.comparator: leveldb.BytewiseComparator
2023/07/08-12:34:38.940770 20950f280           Options.merge_operator: None
2023/07/08-12:34:38.940771 20950f280        Options.compaction_filter: filter_outdated
2023/07/08-12:34:38.940772 20950f280        Options.compaction_filter_factory: None
2023/07/08-12:34:38.940774 20950f280  Options.sst_partitioner_factory: None
2023/07/08-12:34:38.940775 20950f280         Options.memtable_factory: SkipListFactory
2023/07/08-12:34:38.940776 20950f280            Options.table_factory: BlockBasedTable
2023/07/08-12:34:38.940791 20950f280            table_factory options:   flush_block_policy_factory: FlushBlockBySizePolicyFactory (0x7fcaea0103c0)
  cache_index_and_filter_blocks: 0
  cache_index_and_filter_blocks_with_high_priority: 1
  pin_l0_filter_and_index_blocks_in_cache: 0
  pin_top_level_index_and_filter: 1
  index_type: 0
  data_block_index_type: 0
  index_shortening: 1
  data_block_hash_table_util_ratio: 0.750000
  hash_index_allow_collision: 1
  checksum: 1
  no_block_cache: 0
  block_cache: 0x7fcaea010408
  block_cache_name: LRUCache
  block_cache_options:
    capacity : 8388608
    num_shard_bits : 4
    strict_capacity_limit : 0
    memory_allocator : None
    high_pri_pool_ratio: 0.000
  block_cache_compressed: 0x0
  persistent_cache: 0x0
  block_size: 4096
  block_size_deviation: 10
  block_restart_interval: 16
  index_block_restart_interval: 1
  metadata_block_size: 4096
  partition_filters: 0
  use_delta_encoding: 1
  filter_policy: nullptr
  whole_key_filtering: 1
  verify_compression: 0
  read_amp_bytes_per_bit: 0
  format_version: 4
  enable_index_compression: 1
  block_align: 0
2023/07/08-12:34:38.940792 20950f280        Options.write_buffer_size: 67108864
2023/07/08-12:34:38.940794 20950f280  Options.max_write_buffer_number: 2
2023/07/08-12:34:38.940795 20950f280          Options.compression: NoCompression
2023/07/08-12:34:38.940796 20950f280                  Options.bottommost_compression: Disabled
2023/07/08-12:34:38.940797 20950f280       Options.prefix_extractor: nullptr
2023/07/08-12:34:38.940798 20950f280   Options.memtable_insert_with_hint_prefix_extractor: nullptr
2023/07/08-12:34:38.940800 20950f280             Options.num_levels: 7
2023/07/08-12:34:38.940801 20950f280        Options.min_write_buffer_number_to_merge: 1
2023/07/08-12:34:38.940802 20950f280     Options.max_write_buffer_number_to_maintain: 0
2023/07/08-12:34:38.940803 20950f280     Options.max_write_buffer_size_to_maintain: 0
2023/07/08-12:34:38.940805 20950f280            Options.bottommost_compression_opts.window_bits: -14
2023/07/08-12:34:38.940806 20950f280                  Options.bottommost_compression_opts.level: 32767
2023/07/08-12:34:38.940807 20950f280               Options.bottommost_compression_opts.strategy: 0
2023/07/08-12:34:38.940808 20950f280         Options.bottommost_compression_opts.max_dict_bytes: 0
2023/07/08-12:34:38.940821 20950f280         Options.bottommost_compression_opts.zstd_max_train_bytes: 0
2023/07/08-12:34:38.940822 20950f280         Options.bottommost_compression_opts.parallel_threads: 1
2023/07/08-12:34:38.940824 20950f280                  Options.bottommost_compression_opts.enabled: false
2023/07/08-12:34:38.940825 20950f280            Options.compression_opts.window_bits: -14
2023/07/08-12:34:38.940826 20950f280                  Options.compression_opts.level: 32767
2023/07/08-12:34:38.940827 20950f280               Options.compression_opts.strategy: 0
2023/07/08-12:34:38.940828 20950f280         Options.compression_opts.max_dict_bytes: 0
2023/07/08-12:34:38.940830 20950f280         Options.compression_opts.zstd_max_train_bytes: 0
2023/07/08-12:34:38.940831 20950f280         Options.compression_opts.parallel_threads: 1
2023/07/08-12:34:38.940832 20950f280                  Options.compression_opts.enabled: false
2023/07/08-12:34:38.940833 20950f280      Options.level0_file_num_compaction_trigger: 4
2023/07/08-12:34:38.940834 20950f280          Options.level0_slowdown_writes_trigger: 20
2023/07/08-12:34:38.940836 20950f280              Options.level0_stop_writes_trigger: 36
2023/07/08-12:34:38.940837 20950f280                   Options.target_file_size_base: 67108864
2023/07/08-12:34:38.940838 20950f280             Options.target_file_size_multiplier: 1
2023/07/08-12:34:38.940839 20950f280                Options.max_bytes_for_level_base: 268435456
2023/07/08-12:34:38.940840 20950f280 Options.level_compaction_dynamic_level_bytes: 0
2023/07/08-12:34:38.940842 20950f280          Options.max_bytes_for_level_multiplier: 10.000000
2023/07/08-12:34:38.940843 20950f280 Options.max_bytes_for_level_multiplier_addtl[0]: 1
2023/07/08-12:34:38.940844 20950f280 Options.max_bytes_for_level_multiplier_addtl[1]: 1
2023/07/08-12:34:38.940846 20950f280 Options.max_bytes_for_level_multiplier_addtl[2]: 1
2023/07/08-12:34:38.940847 20950f280 Options.max_bytes_for_level_multiplier_addtl[3]: 1
2023/07/08-12:34:38.940848 20950f280 Options.max_bytes_for_level_multiplier_addtl[4]: 1
2023/07/08-12:34:38.940849 20950f280 Options.max_bytes_for_level_multiplier_addtl[5]: 1
2023/07/08-12:34:38.940851 20950f280 Options.max_bytes_for_level_multiplier_addtl[6]: 1
2023/07/08-12:34:38.940852 20950f280       Options.max_sequential_skip_in_iterations: 8
2023/07/08-12:34:38.940853 20950f280                    Options.max_compaction_bytes: 1677721600
2023/07/08-12:34:38.940854 20950f280                        Options.arena_block_size: 8388608
2023/07/08-12:34:38.940855 20950f280   Options.soft_pending_compaction_bytes_limit: 68719476736
2023/07/08-12:34:38.940857 20950f280   Options.hard_pending_compaction_bytes_limit: 274877906944
2023/07/08-12:34:38.940858 20950f280       Options.rate_limit_delay_max_milliseconds: 100
2023/07/08-12:34:38.940859 20950f280                Options.disable_auto_compactions: 1
2023/07/08-12:34:38.940860 20950f280                        Options.compaction_style: kCompactionStyleLevel
